2021-09-29 16:46:53.516903 START SAMPLE PREP
2021-09-29 16:46:55.077075 END SAMPLE PREP
2021-09-29 16:46:55.077199 START QUERY PREP
2021-09-29 16:46:56.631186 END QUERY PREP
2021-09-29 16:46:56.631220 START DO QUERY
2021-09-29 16:47:53.297958 END DO QUERY
2021-09-29 16:47:53.298591 START QUERY PREP
2021-09-29 16:47:54.692762 END QUERY PREP
2021-09-29 16:47:54.692794 START DO QUERY
2021-09-29 16:48:51.512752 END DO QUERY
2021-09-29 16:48:51.513341 START QUERY PREP
2021-09-29 16:48:52.806115 END QUERY PREP
2021-09-29 16:48:52.806154 START DO QUERY
2021-09-29 16:49:51.024467 END DO QUERY
